[38;2;36;86;214m╔══════════════════════════════════════════════════════════════════════════════════════════════════╗[0m
[38;2;36;86;214m║[0m       [38;2;251;252;254m_[0m[38;2;251;252;254m_[0m[38;2;251;252;254m_[0m    [38;2;255;224;138;48;2;255;176;0m▀[0m[38;2;255;224;138;48;2;255;176;0m▀[0m[38;2;255;224;138;48;2;255;176;0m▀[0m[38;2;255;224;138;48;2;255;176;0m▀[0m[38;2;255;224;138;48;2;255;176;0m▀[0m[38;2;255;224;138;48;2;255;176;0m▀[0m [38;2;255;224;138;48;2;255;176;0m▀[0m[38;2;255;224;138;48;2;255;176;0m▀[0m  [38;2;255;224;138;48;2;255;176;0m▀[0m[38;2;255;224;138;48;2;255;176;0m▀[0m [38;2;255;224;138;48;2;255;176;0m▀[0m[38;2;255;224;138;48;2;255;176;0m▀[0m[38;2;255;224;138;48;2;255;176;0m▀[0m[38;2;255;224;138;48;2;255;176;0m▀[0m[38;2;255;224;138;48;2;255;176;0m▀[0m[38;2;255;224;138;48;2;255;176;0m▀[0m  [38;2;255;224;138;48;2;255;176;0m▀[0m[38;2;255;224;138;48;2;255;176;0m▀[0m  [38;2;255;224;138;48;2;255;176;0m▀[0m[38;2;255;224;138;48;2;255;176;0m▀[0m  [38;2;255;224;138;48;2;255;176;0m▀[0m[38;2;255;224;138;48;2;255;176;0m▀[0m[38;2;255;224;138;48;2;255;176;0m▀[0m[38;2;255;224;138;48;2;255;176;0m▀[0m  [38;2;255;224;138;48;2;255;176;0m▀[0m[38;2;255;224;138;48;2;255;176;0m▀[0m[38;2;255;224;138;48;2;255;176;0m▀[0m[38;2;255;224;138;48;2;255;176;0m▀[0m[38;2;255;224;138;48;2;255;176;0m▀[0m[38;2;255;224;138;48;2;255;176;0m▀[0m [38;2;255;224;138;48;2;255;176;0m▀[0m[38;2;255;224;138;48;2;255;176;0m▀[0m     [38;2;255;224;138;48;2;255;176;0m▀[0m[38;2;255;224;138;48;2;255;176;0m▀[0m[38;2;255;224;138;48;2;255;176;0m▀[0m[38;2;255;224;138;48;2;255;176;0m▀[0m[38;2;255;224;138;48;2;255;176;0m▀[0m  [38;2;255;224;138;48;2;255;176;0m▀[0m[38;2;255;224;138;48;2;255;176;0m▀[0m[38;2;255;224;138;48;2;255;176;0m▀[0m[38;2;255;224;138;48;2;255;176;0m▀[0m[38;2;255;224;138;48;2;255;176;0m▀[0m[38;2;255;224;138;48;2;255;176;0m▀[0m [38;2;255;224;138;48;2;255;176;0m▀[0m[38;2;255;224;138;48;2;255;176;0m▀[0m[38;2;255;224;138;48;2;255;176;0m▀[0m[38;2;255;224;138;48;2;255;176;0m▀[0m[38;2;255;224;138;48;2;255;176;0m▀[0m[38;2;255;224;138;48;2;255;176;0m▀[0m [38;2;255;224;138;48;2;255;176;0m▀[0m[38;2;255;224;138;48;2;255;176;0m▀[0m  [38;2;255;224;138;48;2;255;176;0m▀[0m[38;2;255;224;138;48;2;255;176;0m▀[0m       [38;2;36;86;214m║[0m
[38;2;36;86;214m║[0m      [38;2;251;252;254m([0m[38;2;255;176;0mo[0m[38;2;255;176;0m,[0m[38;2;255;176;0mo[0m[38;2;251;252;254m)[0m   [38;2;255;224;138;48;2;255;176;0m▀[0m[38;2;255;176;0m█[0m[38;2;255;176;0m█[0m[38;2;255;176;0m█[0m[38;2;255;176;0m█[0m[38;2;255;176;0m█[0m[38;2;138;90;18m█[0m[38;2;255;224;138;48;2;255;176;0m▀[0m[38;2;255;176;0m█[0m[38;2;138;90;18m█[0m [38;2;255;224;138;48;2;255;176;0m▀[0m[38;2;255;176;0m█[0m[38;2;138;90;18m█[0m[38;2;255;224;138;48;2;255;176;0m▀[0m[38;2;255;176;0m█[0m[38;2;255;176;0m█[0m[38;2;255;176;0m█[0m[38;2;138;90;18m█[0m[38;2;138;90;18m█[0m[38;2;138;90;18m█[0m [38;2;255;224;138;48;2;255;176;0m▀[0m[38;2;255;176;0m█[0m[38;2;255;224;138;48;2;255;176;0m▀[0m[38;2;255;224;138;48;2;255;176;0m▀[0m[38;2;255;176;0m█[0m[38;2;255;176;0m█[0m[38;2;138;90;18m█[0m[38;2;255;224;138;48;2;255;176;0m▀[0m[38;2;255;176;0m█[0m[38;2;138;90;18m█[0m[38;2;138;90;18m█[0m[38;2;255;224;138;48;2;255;176;0m▀[0m[38;2;255;224;138;48;2;255;176;0m▀[0m  [38;2;255;224;138;48;2;255;176;0m▀[0m[38;2;255;176;0m█[0m[38;2;255;176;0m█[0m[38;2;255;176;0m█[0m[38;2;138;90;18m█[0m[38;2;138;90;18m█[0m[38;2;255;224;138;48;2;255;176;0m▀[0m[38;2;255;176;0m█[0m[38;2;138;90;18m█[0m    [38;2;255;224;138;48;2;255;176;0m▀[0m[38;2;255;176;0m█[0m[38;2;138;90;18m█[0m[38;2;138;90;18m█[0m[38;2;255;224;138;48;2;255;176;0m▀[0m[38;2;255;224;138;48;2;255;176;0m▀[0m [38;2;255;224;138;48;2;255;176;0m▀[0m[38;2;255;176;0m█[0m[38;2;138;90;18m█[0m[38;2;138;90;18m█[0m[38;2;255;224;138;48;2;255;176;0m▀[0m[38;2;255;176;0m█[0m[38;2;138;90;18m█[0m[38;2;255;224;138;48;2;255;176;0m▀[0m[38;2;255;176;0m█[0m[38;2;138;90;18m█[0m[38;2;138;90;18m█[0m[38;2;255;224;138;48;2;255;176;0m▀[0m[38;2;255;176;0m█[0m[38;2;138;90;18m█[0m[38;2;255;224;138;48;2;255;176;0m▀[0m[38;2;255;176;0m█[0m[38;2;255;224;138;48;2;255;176;0m▀[0m[38;2;255;224;138;48;2;255;176;0m▀[0m[38;2;255;176;0m█[0m[38;2;255;176;0m█[0m[38;2;138;90;18m█[0m      [38;2;36;86;214m║[0m
[38;2;36;86;214m║[0m      [38;2;251;252;254m([0m  [38;2;255;176;0mV[0m[38;2;251;252;254m)[0m    [38;2;255;224;138;48;2;255;176;0m▀[0m[38;2;255;176;0m█[0m[38;2;255;176;0m█[0m[38;2;255;176;0m█[0m[38;2;138;90;18m█[0m[38;2;138;90;18m█[0m[38;2;255;224;138;48;2;255;176;0m▀[0m[38;2;255;176;0m█[0m[38;2;255;224;138;48;2;255;176;0m▀[0m[38;2;255;224;138;48;2;255;176;0m▀[0m[38;2;255;176;0m█[0m[38;2;255;176;0m█[0m[38;2;138;90;18m█[0m[38;2;255;224;138;48;2;255;176;0m▀[0m[38;2;255;176;0m█[0m[38;2;255;176;0m█[0m[38;2;255;176;0m█[0m[38;2;255;224;138;48;2;255;176;0m▀[0m   [38;2;255;224;138;48;2;255;176;0m▀[0m[38;2;255;176;0m█[0m[38;2;255;176;0m█[0m[38;2;255;176;0m█[0m[38;2;255;176;0m█[0m[38;2;255;176;0m█[0m[38;2;138;90;18m█[0m[38;2;255;224;138;48;2;255;176;0m▀[0m[38;2;255;176;0m█[0m[38;2;255;224;138;48;2;255;176;0m▀[0m[38;2;255;224;138;48;2;255;176;0m▀[0m[38;2;255;176;0m█[0m[38;2;255;176;0m█[0m[38;2;138;90;18m█[0m [38;2;255;224;138;48;2;255;176;0m▀[0m[38;2;255;176;0m█[0m[38;2;255;176;0m█[0m[38;2;255;176;0m█[0m[38;2;138;90;18m█[0m [38;2;255;224;138;48;2;255;176;0m▀[0m[38;2;255;176;0m█[0m[38;2;138;90;18m█[0m    [38;2;255;224;138;48;2;255;176;0m▀[0m[38;2;255;176;0m█[0m[38;2;255;224;138;48;2;255;176;0m▀[0m[38;2;255;224;138;48;2;255;176;0m▀[0m[38;2;255;176;0m█[0m[38;2;138;90;18m█[0m[38;2;138;90;18m█[0m[38;2;255;224;138;48;2;255;176;0m▀[0m[38;2;255;176;0m█[0m[38;2;138;90;18m█[0m [38;2;255;224;138;48;2;255;176;0m▀[0m[38;2;255;176;0m█[0m[38;2;138;90;18m█[0m[38;2;255;224;138;48;2;255;176;0m▀[0m[38;2;255;176;0m█[0m[38;2;138;90;18m█[0m [38;2;255;224;138;48;2;255;176;0m▀[0m[38;2;255;176;0m█[0m[38;2;138;90;18m█[0m[38;2;255;224;138;48;2;255;176;0m▀[0m[38;2;255;176;0m█[0m[38;2;255;176;0m█[0m[38;2;255;176;0m█[0m[38;2;255;176;0m█[0m[38;2;255;176;0m█[0m[38;2;138;90;18m█[0m      [38;2;36;86;214m║[0m
[38;2;36;86;214m║[0m      [38;2;251;252;254m/[0m[38;2;251;252;254m)[0m  [38;2;251;252;254m)[0m    [38;2;255;224;138;48;2;255;176;0m▀[0m[38;2;255;176;0m█[0m[38;2;255;176;0m█[0m[38;2;255;176;0m█[0m[38;2;138;90;18m█[0m [38;2;255;224;138;48;2;255;176;0m▀[0m[38;2;255;176;0m█[0m[38;2;138;90;18m█[0m[38;2;138;90;18m█[0m[38;2;255;224;138;48;2;255;176;0m▀[0m[38;2;255;176;0m█[0m[38;2;138;90;18m█[0m[38;2;255;224;138;48;2;255;176;0m▀[0m[38;2;255;176;0m█[0m[38;2;255;176;0m█[0m[38;2;255;176;0m█[0m[38;2;138;90;18m█[0m[38;2;138;90;18m█[0m  [38;2;255;224;138;48;2;255;176;0m▀[0m[38;2;255;176;0m█[0m[38;2;138;90;18m█[0m[38;2;138;90;18m█[0m[38;2;255;224;138;48;2;255;176;0m▀[0m[38;2;255;176;0m█[0m[38;2;138;90;18m█[0m[38;2;255;224;138;48;2;255;176;0m▀[0m[38;2;255;176;0m█[0m[38;2;138;90;18m█[0m[38;2;138;90;18m█[0m[38;2;255;224;138;48;2;255;176;0m▀[0m[38;2;255;176;0m█[0m[38;2;138;90;18m█[0m [38;2;255;224;138;48;2;255;176;0m▀[0m[38;2;255;176;0m█[0m[38;2;255;176;0m█[0m[38;2;255;176;0m█[0m[38;2;138;90;18m█[0m [38;2;255;224;138;48;2;255;176;0m▀[0m[38;2;255;176;0m█[0m[38;2;138;90;18m█[0m    [38;2;255;224;138;48;2;255;176;0m▀[0m[38;2;255;176;0m█[0m[38;2;138;90;18m█[0m[38;2;255;224;138;48;2;255;176;0m▀[0m[38;2;255;176;0m█[0m[38;2;138;90;18m█[0m [38;2;255;224;138;48;2;255;176;0m▀[0m[38;2;255;176;0m█[0m[38;2;138;90;18m█[0m [38;2;255;224;138;48;2;255;176;0m▀[0m[38;2;255;176;0m█[0m[38;2;138;90;18m█[0m[38;2;255;224;138;48;2;255;176;0m▀[0m[38;2;255;176;0m█[0m[38;2;138;90;18m█[0m [38;2;255;224;138;48;2;255;176;0m▀[0m[38;2;255;176;0m█[0m[38;2;138;90;18m█[0m[38;2;255;224;138;48;2;255;176;0m▀[0m[38;2;255;176;0m█[0m[38;2;138;90;18m█[0m[38;2;138;90;18m█[0m[38;2;255;224;138;48;2;255;176;0m▀[0m[38;2;255;176;0m█[0m[38;2;138;90;18m█[0m      [38;2;36;86;214m║[0m
[38;2;36;86;214m║[0m      [38;2;251;252;254m^[0m[38;2;251;252;254m^[0m [38;2;251;252;254m^[0m[38;2;251;252;254m^[0m    [38;2;255;224;138;48;2;255;176;0m▀[0m[38;2;255;176;0m█[0m[38;2;255;176;0m█[0m[38;2;255;176;0m█[0m[38;2;138;90;18m█[0m [38;2;255;224;138;48;2;255;176;0m▀[0m[38;2;255;176;0m█[0m[38;2;138;90;18m█[0m [38;2;255;224;138;48;2;255;176;0m▀[0m[38;2;255;176;0m█[0m[38;2;138;90;18m█[0m[38;2;255;224;138;48;2;255;176;0m▀[0m[38;2;255;176;0m█[0m[38;2;255;176;0m█[0m[38;2;255;176;0m█[0m[38;2;255;224;138;48;2;255;176;0m▀[0m[38;2;255;224;138;48;2;255;176;0m▀[0m  [38;2;255;224;138;48;2;255;176;0m▀[0m[38;2;255;176;0m█[0m[38;2;138;90;18m█[0m [38;2;255;224;138;48;2;255;176;0m▀[0m[38;2;255;176;0m█[0m[38;2;138;90;18m█[0m[38;2;255;224;138;48;2;255;176;0m▀[0m[38;2;255;176;0m█[0m[38;2;138;90;18m█[0m [38;2;255;224;138;48;2;255;176;0m▀[0m[38;2;255;176;0m█[0m[38;2;138;90;18m█[0m[38;2;255;224;138;48;2;255;176;0m▀[0m[38;2;255;176;0m█[0m[38;2;255;176;0m█[0m[38;2;255;176;0m█[0m[38;2;255;176;0m█[0m[38;2;255;224;138;48;2;255;176;0m▀[0m [38;2;255;224;138;48;2;255;176;0m▀[0m[38;2;255;176;0m█[0m[38;2;255;224;138;48;2;255;176;0m▀[0m[38;2;255;224;138;48;2;255;176;0m▀[0m[38;2;255;224;138;48;2;255;176;0m▀[0m[38;2;255;224;138;48;2;255;176;0m▀[0m [38;2;255;224;138;48;2;255;176;0m▀[0m[38;2;255;176;0m█[0m[38;2;138;90;18m█[0m [38;2;255;224;138;48;2;255;176;0m▀[0m[38;2;255;224;138;48;2;255;176;0m▀[0m [38;2;255;224;138;48;2;255;176;0m▀[0m[38;2;255;176;0m█[0m[38;2;255;224;138;48;2;255;176;0m▀[0m[38;2;255;224;138;48;2;255;176;0m▀[0m[38;2;255;176;0m█[0m[38;2;255;176;0m█[0m[38;2;138;90;18m█[0m[38;2;255;224;138;48;2;255;176;0m▀[0m[38;2;255;176;0m█[0m[38;2;255;224;138;48;2;255;176;0m▀[0m[38;2;255;224;138;48;2;255;176;0m▀[0m[38;2;255;176;0m█[0m[38;2;255;176;0m█[0m[38;2;138;90;18m█[0m[38;2;255;224;138;48;2;255;176;0m▀[0m[38;2;255;176;0m█[0m[38;2;138;90;18m█[0m [38;2;255;224;138;48;2;255;176;0m▀[0m[38;2;255;176;0m█[0m[38;2;138;90;18m█[0m      [38;2;36;86;214m║[0m
[38;2;36;86;214m║[0m                [38;2;138;90;18m█[0m[38;2;138;90;18m█[0m[38;2;138;90;18m█[0m[38;2;138;90;18m█[0m  [38;2;138;90;18m█[0m[38;2;138;90;18m█[0m  [38;2;138;90;18m█[0m[38;2;138;90;18m█[0m [38;2;138;90;18m█[0m[38;2;138;90;18m█[0m[38;2;138;90;18m█[0m[38;2;138;90;18m█[0m[38;2;138;90;18m█[0m[38;2;138;90;18m█[0m  [38;2;138;90;18m█[0m[38;2;138;90;18m█[0m  [38;2;138;90;18m█[0m[38;2;138;90;18m█[0m [38;2;138;90;18m█[0m[38;2;138;90;18m█[0m  [38;2;138;90;18m█[0m[38;2;138;90;18m█[0m [38;2;138;90;18m█[0m[38;2;138;90;18m█[0m[38;2;138;90;18m█[0m[38;2;138;90;18m█[0m[38;2;138;90;18m█[0m[38;2;138;90;18m█[0m [38;2;138;90;18m█[0m[38;2;138;90;18m█[0m[38;2;138;90;18m█[0m[38;2;138;90;18m█[0m[38;2;138;90;18m█[0m[38;2;138;90;18m█[0m [38;2;138;90;18m█[0m[38;2;138;90;18m█[0m  [38;2;138;90;18m█[0m[38;2;138;90;18m█[0m [38;2;138;90;18m█[0m[38;2;138;90;18m█[0m[38;2;138;90;18m█[0m[38;2;138;90;18m█[0m[38;2;138;90;18m█[0m[38;2;138;90;18m█[0m [38;2;138;90;18m█[0m[38;2;138;90;18m█[0m[38;2;138;90;18m█[0m[38;2;138;90;18m█[0m[38;2;138;90;18m█[0m[38;2;138;90;18m█[0m [38;2;138;90;18m█[0m[38;2;138;90;18m█[0m  [38;2;138;90;18m█[0m[38;2;138;90;18m█[0m      [38;2;36;86;214m║[0m
[38;2;36;86;214m║[0m [38;2;255;236;200mDIGITAL MAILROOM[0m[2m  ·  [0m[38;2;251;252;254mjob board[0m[2m  ·  [0m[38;2;245;196;69m0 jobs[0m                                                        [38;2;36;86;214m║[0m
[38;2;36;86;214m║[0m [38;2;14;116;144mBEACON → BOARD → BROWSER + TERMINAL[0m                                                              [38;2;36;86;214m║[0m
[38;2;36;86;214m╚══════════════════════════════════════════════════════════════════════════════════════════════════╝[0m
╭ [38;2;36;86;214mIN-TRAY[0m ─────────────────────────────────────────────────────────────────────────────────────────╮
│ [2mno jobs yet — a long job publishes one line per step:[0m                                            │
│ [2m  from mailroom_sandbox.tui.beacon import Beacon[0m                                                 │
│ [2m  with Beacon(job_id, package=...) as b: b.update(done=i, total=n)[0m                               │
│ [2mbeacon root: /home/ubuntu/.mailroom/jobs[0m                                                         │
╰──────────────────────────────────────────────────────────────────────────────────────────────────╯
